A    B    C    D    E    F    G
A      0  121  263  103   95  136   57
B    121    0  277  114  179   48  138
C    263  277    0  173  183  235  207
D    103  114  173    0   85   87   64
E     95  179  183   85    0  167   44
F    136   48  235   87  167    0  132
G     57  138  207   64   44  132    0